32934.001
32934.101
32934.201
32934.301
32934.102
32934.202
32934.002
32934.302
32934.103
32934.203
32934.003
32935.001
32935.101
32935.201
32935.301
32935.102
32935.202
32935.002
32936.001
32936.002
32936.101
32936.201
32936.301
32936.102
32936.202
32936.003
32938.001
32938.101
32938.201
32938.301
32938.202
32938.002
32938.102
32938.003
32938.103
32938.203
32938.302
32938.004
32938.104
32938.204
32938.303
32938.005
32938.105
32938.205
32938.304
32939.001
32939.101
32939.201
32941.001
32941.101
32941.201
32941.002
32941.102
32941.202
32941.203
32941.003
32941.301
32941.103
32941.004
32941.104
32941.204
32941.302
32941.205
32941.005
32941.105
32941.303
32941.006
32941.106
32941.206
32941.304
32942.001
32942.101
32942.201
32942.302
32942.102
32942.202
32942.002
32942.003
32942.103
32942.203
32942.303
32942.004
32942.104
32942.204
32942.304
32948.001
32948.101
32948.201
32948.301
32948.102
32948.002
32948.202
32948.003
32948.103
32948.203
32948.302
32956.001
32956.101
32956.201
32956.301
32956.102
32956.002
32956.202
32956.103
32956.003
32956.302
32956.203
32956.104
32956.004
32956.303
32956.204
32956.105
32956.005
32956.304
32956.205
32957.001
32957.101
32957.201
32957.301
32957.102
32957.002
32957.202
32957.302
32957.103
32957.003
32957.303
32957.203
32957.004
32957.104
32957.204
32957.304
32957.005
32957.105
32957.205
32957.305
32958.001
32958.101
32958.201
32958.202
32958.002
32958.102
32958.301
32958.003
32958.103
32958.302
32958.204
32958.203
32958.004
32958.104
32958.303
32958.205
32958.005
32958.105
32958.206
32958.304
32959.001
32959.101
32959.201
32959.301
32959.202
32959.102
32959.002
32959.003
32959.103
32959.203
32959.302
32959.004
32959.104
32959.204
32959.303
32959.005
32959.105
32959.205
32959.304
32960.101
32960.001
32960.102
32960.201
32960.301
32960.202
32960.002
32960.003
32960.103
32960.302
32960.203
32960.004
32960.104
32960.005
32960.303
32960.204
32961.001
32961.101
32961.201
32961.301
32961.102
32961.002
32961.202
32961.003
32961.103
32961.302
32961.203
32961.004
32961.104
32961.303
32961.204
32961.005
32961.105
32961.304
32961.205
32962.001
32962.101
32962.201
32962.301
32962.102
32962.002
32962.202
32962.003
32962.103
32962.302
32962.203
32963.001
32963.101
32963.201
32963.301
32963.102
32963.002
32963.202
32963.003
32963.103
32963.302
32963.203
32963.004
32963.104
32963.303
32963.204
32963.005
32963.105
32963.304
32963.205
32964.001
32964.101
32964.201
32964.301
32964.102
32964.002
32964.202
32964.003
32964.103
32964.302
32964.203
32964.004
32964.104
32964.204
32964.303
32964.005
32964.105
32964.304
32964.205
32965.001
32965.101
32965.201
32965.002
32965.102
32965.301
32965.202
32965.004
32965.103
32965.302
32965.203
32965.104
32965.005
32965.303
32965.204
32965.006
32965.205
32966.001
32966.101
32966.201
32967.001
32967.101
32967.201
32967.102
32967.301
32967.002
32967.202
32967.003
32967.103
32967.302
32967.203
32968.001
32968.101
32968.201
32968.301
32968.102
32968.002
32968.202
32969.001
32969.101
32969.201
32969.301
32969.102
32969.002
32969.202
32969.003
32969.103
32969.302
32969.203
32969.004
32969.104
32969.303
32969.204
32970.001
32970.101
32970.201
32971.001
32971.101
32971.201
32971.301
32971.102
32971.002
32971.202
32971.003
32971.103
32971.302
32971.203
32971.004
32971.104
32971.303
32971.204
32971.105
32971.005
32971.304
32971.205
32972.101
32973.101
32972.001
32973.301
32973.102
32972.201
32973.001
32973.002
32973.201
32973.202
32973.103
32973.105
32973.104
32973.003
32973.303
32973.302
32973.203
32973.304
32973.205
32973.204
32978.001
32978.101
32978.201
32978.102
32978.002
32978.301
32978.202
32978.103
32978.003
32978.302
32978.203
32978.104
32978.004
32978.303
32978.204
32978.105
32978.005
32978.304
32978.205
32978.106
32978.006
32978.305
32978.206
32978.107
32978.007
32978.306
32978.207
32978.108
32978.008
32978.307
32978.208
32981.001
32981.101
32981.201
32981.002
32981.102
32981.301
32981.202
32982.001
32982.101
32982.201
32982.102
32982.002
32982.202
32982.301
32982.103
32982.003
32982.302
32982.203
32983.001
32983.101
32983.201
32983.102
32983.002
32983.202
32983.301
32983.103
32983.003
32983.302
32983.203
32983.004
32983.104
32983.204
32983.303
32983.105
32983.005
32983.304
32983.205
32984.001
32984.101
32984.201
32984.102
32984.002
32984.202
32984.301
32984.003
32984.103
32984.203
32984.302
32986.001
32986.101
32986.201
32987.001
32987.101
32987.201
32987.102
32987.002
32987.202
32987.301
32987.003
32987.103
32987.302
32987.203
32987.004
32987.104
32987.303
32987.204
32987.005
32987.105
32987.205
32987.304
32988.001
32988.101
32988.201
32988.102
32988.002
32988.202
32988.301
32988.104
32988.203
32988.003
32988.302
32990.001
32990.101
32990.201
32990.102
32990.002
32990.202
32990.301
32991.001
32991.101
32991.201
32991.102
32991.002
32991.202
32991.301
32992.001
32992.101
32992.201
32992.102
32992.002
32992.202
32992.301
32992.103
32992.003
32992.203
32992.302
32992.104
32992.004
32992.303
32992.204
32992.105
32992.005
32992.304
32992.205
32993.201
32993.001
32993.101
32993.002
32993.301
32993.102
32993.202
32993.103
32993.003
32993.302
32993.203
32993.104
32993.204
32993.004
32993.303
32993.005
32993.105
32993.304
32993.205
32994.201
32994.001
32994.101
32994.102
32994.301
32994.002
32994.202
32996.001
32996.302
32996.201
32996.002
32996.101
32996.202
32996.303
32998.201
32998.001
32998.002
32998.202
32998.301
32998.003
32998.101
32998.302
32998.203
32998.004
32998.303
32998.102
32998.204
32998.103
32998.005
32998.205
32998.304
32998.006
32998.305
32998.104
32998.206
33000.001
33000.101
33000.201
33000.002
33000.202
33001.001
33001.205
33001.101
33001.002
33001.102
33001.207
33001.301
33001.004
33001.003
33001.208
33001.005
33001.209
33001.210
33001.007
33001.006
33001.212
33001.211
33001.008
33001.103
33001.009
33001.010
33001.302
33001.213
33001.214
33001.215
33001.011
33001.104
33001.013
33001.012
33001.303
33001.217
33001.216
33001.304
33001.105
33001.218
33001.014
33001.015
33001.219
33001.016
33001.106
33001.305
33001.221
33001.220
33001.017
33001.018
33001.222
33001.019
33001.107
33001.306
33001.224
33001.223
33001.021
33001.020
33001.225
33001.022
33001.227
33001.226
33002.001
33002.201
33002.101
33002.002
33002.301
33002.102
33002.003
33002.103
33002.202
33002.302
33002.004
33002.104
33002.303
33002.203
33002.005
33002.105
33002.204
33002.304
33003.001
33003.101
33003.201
33003.301
33003.102
33003.002
33003.202
33003.003
33003.103
33003.302
33003.203
33003.004
33003.104
33003.303
33003.204
33003.005
33003.105
33003.304
33003.205
33004.001
33004.101
33004.201
33004.301
33004.102
33004.002
33004.202
33004.003
33004.103
33004.203
33004.302
33004.004
33004.104
33004.303
33004.204
33005.001
33005.101
33005.201
33006.202
33006.001
33010.001
33010.101
33010.201
33010.301
33010.102
33010.202
33010.002
33010.003
33010.103
33010.203
33010.302
33010.004
33010.104
33010.204
33010.303
33010.005
33010.105
33010.205
33010.304
33011.001
33011.101
33011.201
33011.002
33011.102
33011.202
33011.103
33011.003
33011.203
33011.301
33011.004
33011.104
33011.204
33011.302
33011.005
33011.105
33011.205
33011.303
33011.006
33011.106
33011.304
33011.206
33012.201
33012.001
33012.101
33012.002
33012.102
33012.301
33012.202
33012.302
33012.003
33012.103
33012.203
33012.004
33012.104
33012.303
33012.204
33012.105
33012.005
33012.304
33012.205
33013.001
33013.101
33013.201
33013.301
33013.102
33013.002
33013.202
33014.001
33014.101
33014.201
33014.301
33014.202
33014.002
33014.102
33014.003
33014.302
33014.103
33014.203
33014.004
33014.104
33014.204
33014.303
33015.001
33015.101
33015.201
33015.301
33015.102
33015.202
33015.002
33015.003
33015.103
33015.302
33015.203
33015.104
33015.204
33015.005
33015.105
33015.205
33015.304
33016.001
33016.101
33016.201
33016.002
33016.301
33016.102
33016.202
33016.203
33016.003
33016.004
33016.204
33016.103
33016.302
33016.005
33016.104
33016.205
33016.303
33016.006
33016.105
33016.206
33016.304
33017.001
33017.101
33017.201
33017.202
33017.301
33017.002
33017.102
33017.003
33017.103
33017.203
33017.302
33017.004
33017.104
33017.204
33017.303
33017.005
33017.105
33017.304
33017.205
33018.001
33018.101
33018.201
33018.301
33018.102
33018.202
33018.002
33018.003
33018.302
33018.103
33018.203
33018.004
33018.104
33018.204
33018.303
33018.005
33018.105
33018.304
33018.205
33019.001
33019.101
33019.201
33019.301
33019.102
33019.202
33019.002
33019.003
33019.103
33019.203
33019.302
33019.004
33019.104
33019.303
33019.204
33019.005
33019.105
33019.304
33019.205
33020.001
33020.101
33020.201
33020.301
33020.102
33020.202
33020.002
33020.103
33020.003
33020.302
33020.203
33020.004
33020.104
33020.303
33020.204
33022.001
33022.101
33022.201
33022.301
33022.102
33022.202
33022.002
33023.001
33023.102
33023.201
33023.301
33023.103
33023.202
33023.002
33023.104
33023.003
33023.302
33023.203
33023.004
33023.105
33023.204
33023.303
33023.106
33023.005
33023.304
33023.205
33024.001
33024.101
33024.201
33024.002
33024.102
33024.202
33024.003
33024.301
33024.103
33024.203
33024.302
33024.204
33024.004
33024.303
33024.104
33025.001
33025.101
33025.201
33025.301
33025.102
33025.202
33025.002
33025.103
33025.302
33025.104
33025.303
33025.105
33025.003
33025.203
33025.106
33025.107
33025.305
33025.304
33025.306
33025.108
33026.001
33026.101
33026.201
33026.301
33026.202
33026.102
33026.002
33026.103
33026.003
33026.302
33026.203
33026.004
33026.204
33026.104
33026.303
33026.005
33026.105
33026.205
33026.304
33027.001
33027.101
33027.201
33027.301
33027.102
33027.002
33027.202
33027.003
33027.203
33027.103
33027.302
33027.004
33027.104
33027.204
33027.303
33027.005
33028.001
33028.202
33028.101
33028.203
33028.002
33028.301
33028.102
33029.301
33029.302
33029.001
33029.201
33029.303
33029.202
33029.002
33029.101
33029.304
33029.003
33029.102
33029.203
33029.305
33029.004
33029.103
33029.306
33029.204
33031.001
33031.101
33031.201
33031.202
33031.002
33031.301
33031.102
33031.003
33031.103
33031.203
33031.004
33031.302
33031.303
33031.005
33031.104
33031.204
33031.006
33031.304
33031.105
33031.205
33032.001
33032.101
33032.201
33032.301
33032.002
33032.202
33032.102
33032.003
33032.103
33032.302
33032.203
33033.001
33033.101
33033.201
33033.301
33033.102
33033.002
33033.202
33033.103
33033.003
33033.302
33033.203
33033.104
33033.004
33033.303
33033.204
33033.005
33033.105
33033.304
33033.205
33034.001
33034.101
33034.201
33034.301
33034.102
33034.002
33034.202
33034.003
33034.103
33034.302
33034.203
33034.004
33034.104
33034.204
33034.303
33034.005
33034.304
33034.105
33034.205
33034.206
33034.006
33034.106
33034.305
33035.001
33035.101
33035.201
33035.301
33035.102
33035.002
33035.202
33036.001
33036.101
33036.201
33036.301
33036.102
33036.202
33036.002
33036.003
33036.103
33036.203
33036.302
33036.004
33036.104
33036.204
33036.303
33036.005
33036.105
33036.205
33036.304
33040.001
33040.101
33040.201
33040.301
33040.102
33040.202
33040.002
33040.003
33040.103
33040.203
33040.302
33040.104
33040.004
33040.303
33040.204
33040.005
33040.105
33040.304
33040.205
33041.001
33041.201
33041.101
33041.002
33041.301
33041.102
33041.202
33041.003
33041.103
33041.203
33041.302
33041.004
33041.104
33041.204
33041.303
33041.005
33041.105
33041.205
33041.304
33042.001
33042.101
33042.201
33042.301
33042.002
33042.202
33042.102
33042.003
33042.103
33042.203
33042.302
33042.004
33042.104
33042.303
33042.204
33042.005
33042.105
33042.304
33042.205
33042.106
33042.006
33042.305
33042.206
33045.001
33045.201
33045.101
33045.002
33045.301
33045.102
33045.202
33045.104
33045.103
33045.004
33045.003
33045.303
33045.302
33045.204
33045.203
33045.304
33045.105
33045.205
33045.005
33046.001
33046.101
33046.201
33046.102
33046.103
33046.202
33046.002
33046.301
33046.003
33046.104
33046.203
33046.302
33046.004
33046.105
33046.204
33046.303
33046.005
33046.106
33046.205
33046.304
33049.001
33049.101
33049.201
33049.301
33049.102
33049.202
33049.002
33049.003
33049.103
33049.203
33049.302
33049.004
33049.104
33049.204
33049.303
33049.005
33049.105
33049.205
33049.304
33052.001
33052.101
33052.201
33052.301
33052.102
33052.202
33052.002
33052.003
33052.103
33052.203
33052.302
33052.004
33052.104
33052.303
33052.204
33052.105
33052.005
33052.304
33052.205
33053.001
33053.101
33053.201
33054.201
33054.101
33054.202
33054.301
33054.102
33054.203
33054.103
33054.302
33054.303
33054.204
33054.104
33054.205
33054.304
33054.105
33055.002
33055.201
33055.101
33055.202
33055.301
33055.003
33055.102
33055.004
33055.103
33055.203
33055.302
33055.005
33055.104
33055.204
33055.303
33056.001
33056.101
33056.201
33056.301
33056.202
33056.002
33056.102
33056.003
33056.103
33056.203
33056.302
33056.004
33056.104
33056.204
33056.303
33056.005
33056.105
33056.205
33056.304
33057.001
33057.101
33057.201
33057.202
33057.301
33057.002
33057.102
33057.003
33057.103
33057.203
33057.302
33057.004
33057.303
33057.104
33057.204
33057.005
33057.105
33057.205
33057.304
33058.001
33058.101
33058.201
33058.301
33058.102
33058.002
33058.202
33058.003
33058.103
33058.203
33058.302
33058.104
33058.004
33058.303
33058.204
33058.105
33058.005
33058.304
33058.205
33059.001
33059.101
33059.201
33059.301
33059.102
33059.202
33059.002
33059.103
33059.003
33059.302
33059.203
33059.004
33059.104
33059.303
33059.204
33059.304
33059.005
33059.105
33059.205
33060.001
33060.101
33060.002
33060.201
33060.102
33060.103
33060.104
33060.202
33060.105
33060.106
33060.003
33060.004
33060.301
33060.302
33060.203
33060.204
33061.001
33061.101
33061.002
33061.201
33061.102
33061.103
33061.104
33061.202
33061.106
33061.105
33061.003
33061.004
33061.301
33061.302
33061.203
33061.204
33065.001
33065.101
33065.002
33065.201
33065.103
33065.102
33065.202
33065.104
33065.004
33065.003
33065.105
33065.106
33065.203
33065.302
33065.301
33065.204
33066.001
33066.102
33066.103
33066.002
33066.201
33066.104
33066.105
33066.202
33066.003
33066.301
33066.106
33066.203
33066.004
33066.302
33066.107
33066.204
33067.001
33067.101
33067.002
33067.201
33067.103
33067.102
33067.104
33067.202
33067.301
33067.105
33067.003
33067.004
33067.106
33067.204
33067.203
33067.302
33068.001
33068.102
33068.101
33068.002
33068.202
33068.103
33068.104
33068.203
33068.302
33068.105
33068.003
33068.004
33068.303
33068.106
33068.205
33068.204
33069.001
33069.101
33069.201
33069.301
33069.102
33069.202
33069.002
33069.003
33069.103
33069.302
33069.203
33069.004
33069.104
33069.303
33069.204
33069.005
33069.105
33069.304
33069.205
33070.001
33070.101
33070.201
33070.202
33070.301
33070.102
33070.002
33070.203
33070.103
33070.302
33070.104
33070.204
33070.303
33070.105
33070.205
33070.304
33071.002
33071.003
33071.101
33071.004
33071.201
33071.301
33071.102
33071.202
33071.005
33073.001
33073.101
33073.201
33073.301
33073.102
33073.202
33073.002
33073.003
33073.103
33073.302
33073.203
33073.004
33073.104
33073.303
33073.204
33073.205
33073.105
33073.005
33073.304
33074.001
33074.101
33074.201
33074.103
33074.202
33074.002
33074.301
33074.003
33074.104
33074.302
33074.105
33074.203
33074.004
33074.303
33074.204
33074.005
33074.106
33074.107
33074.108
33074.006
33074.007
33074.304
33074.305
33074.205
33074.206
33074.306
33074.207
33074.109
33074.208
33074.008
33074.307
33074.009
33074.110
33074.308
33074.209
33074.010
33074.309
33074.111
33074.011
33074.012
33074.112
33074.113
33074.311
33074.310
33074.210
33074.211
33074.212
33074.213
33074.114
33074.013
33074.312
33074.014
33074.115
33074.214
33074.313
33074.015
33074.116
33074.118
33074.017
33074.117
33074.016
33074.314
33074.315
33074.215
33074.216
33074.316
33074.217
33077.101
33077.001
33077.301
33077.102
33077.201
33077.202
33081.001
33081.101
33081.201
33081.301
33081.102
33081.202
33081.002
33081.003
33081.103
33081.302
33081.203
33081.004
33081.104
33081.204
33081.303
33081.005
33081.105
33081.304
33081.205
33082.001
33082.101
33082.201
33082.301
33082.102
33082.202
33082.002
33082.302
33082.003
33082.103
33082.203
33082.303
33082.104
33082.004
33082.204
33083.001
33083.101
33083.201
33083.202
33083.301
33083.102
33083.002
33083.103
33083.003
33083.203
33083.302
33083.004
33083.104
33083.204
33083.303
33083.005
33083.105
33083.304
33083.205
33084.001
33084.101
33084.201
33084.301
33084.102
33084.002
33084.202
33084.003
33084.103
33084.302
33084.203
33084.004
33084.104
33084.303
33084.204
33084.105
33084.005
33084.304
33084.205
33085.001
33085.101
33085.201
33085.301
33085.102
33085.002
33085.202
33085.103
33085.003
33085.302
33085.203
33085.104
33085.004
33085.303
33085.204
33086.101
33086.001
33086.102
33086.201
33086.301
33086.103
33086.202
33086.002
33086.003
33086.104
33086.302
33086.203
33086.004
33086.105
33086.303
33086.204
33086.005
33086.304
33086.106
33086.205
33087.001
33087.101
33087.201
33087.301
33087.102
33087.002
33087.202
33087.003
33087.302
33087.103
33087.203
33087.004
33087.104
33087.303
33087.204
33087.005
33087.105
33087.205
33087.304
33088.001
33088.101
33088.201
33088.301
33088.102
33088.002
33088.202
33088.003
33088.103
33088.203
33088.302
33088.004
33088.104
33088.204
33088.303
33089.201
33089.101
33089.001
33089.301
33089.102
33089.002
33089.202
33089.003
33089.103
33089.302
33089.004
33089.104
33089.303
33091.001
33091.101
33091.202
33091.301
33091.102
33091.002
33091.203
33091.003
33091.103
33091.302
33091.204
33093.001
33093.101
33093.201
33093.301
33093.102
33093.002
33093.202
33093.003
33093.103
33093.302
33093.203
33093.004
33093.303
33093.104
33093.204
33093.005
33093.304
33093.105
33093.205
33095.001
33095.201
33095.002
33095.202
33095.203
33095.003
33095.004
33095.101
33095.204
33095.301
33095.102
33095.005
33095.205
33095.006
33095.103
33095.302
33095.206
33095.104
33095.007
33095.303
33095.207
33095.105
33095.008
33095.304
33095.208
33099.101
33099.001
33099.102
33099.201
33099.301
33099.103
33099.002
33099.202
33099.003
33099.104
33099.302
33099.203
33099.105
33099.004
33099.303
33099.204
33099.304
33099.106
33100.001
33100.101
33100.201
33100.301
33100.202
33100.002
33100.302
33100.102
33100.003
33100.103
33100.005
33100.105
33100.104
33100.004
33100.303
33100.304
33100.203
33100.204
33100.305
33100.205
33100.106
33100.107
33100.006
33100.007
33100.306
33100.108
33100.009
33100.008
33100.308
33100.307
33100.206
33100.207
33100.110
33100.109
33100.208
33100.309
33100.111
33100.011
33100.010
33100.311
33100.310
33100.013
33100.012
33100.113
33100.112
33100.015
33100.014
33100.312
33100.114
33100.209
33100.210
33100.314
33100.313
33100.212
33100.211
33100.115
33100.214
33100.213
33100.119
33100.120
33100.315
33100.017
33100.016
33100.318
33100.317
33100.215
33100.018
33100.217
33100.216
33102.001
33102.201
33102.101
33102.202
33102.002
33102.301
33102.102
33104.001
33104.101
33104.201
33104.301
33104.202
33104.002
33104.102
33104.103
33104.203
33104.003
33104.302
33106.001
33106.201
33106.101
33106.202
33106.002
33106.301
33106.102
33106.003
33106.103
33106.203
33106.302
33108.001
33108.101
33108.201
33108.301
33108.102
33108.202
33108.002
33108.003
33108.103
33108.203
33108.302
33108.004
33108.303
33108.104
33108.204
33108.205
33108.105
33108.005
33108.304
33110.201
33110.001
33110.101
33110.002
33110.301
33110.102
33110.202
33110.103
33110.003
33110.302
33110.203
33110.104
33110.004
33110.303
33110.204
33110.105
33110.005
33110.304
33110.205
33111.001
33111.201
33111.101
33111.202
33111.301
33111.002
33111.102
33111.103
33111.003
33111.302
33111.203
33111.104
33111.004
33111.303
33111.204
33111.105
33111.005
33111.304
33111.106
33111.205
33112.001
33112.101
33112.201
33112.301
33112.102
33112.202
33112.002
33112.103
33112.203
33112.003
33112.302
33112.104
33112.004
33112.303
33112.204
33112.105
33112.005
33112.304
33112.205
33113.001
33113.101
33113.201
33113.301
33113.102
33113.202
33113.002
33113.103
33113.003
33113.302
33113.203
33113.104
33113.004
33113.303
33113.204
33113.105
33113.005
33113.304
33113.205
33114.001
33114.101
33114.202
33114.302
33114.102
33114.203
33114.002
33114.103
33114.003
33114.303
33114.204
33114.205
33114.104
33114.004
33114.304
33114.105
33114.005
33114.305
33114.206
33115.001
33115.101
33115.201
33115.301
33115.102
33115.202
33115.002
33115.003
33115.103
33115.302
33115.203
33115.104
33115.004
33115.303
33115.204
33115.005
33115.105
33115.304
33115.205
33116.001
33116.101
33116.201
33116.301
33116.102
33116.202
33116.002
33116.003
33116.103
33116.302
33116.203
33116.204
33116.104
33116.004
33116.303
33116.205
33116.105
33116.005
33116.304
33117.001
33117.101
33117.201
33117.102
33117.002
33117.202
33117.301
33117.003
33117.103
33117.302
33117.203
33117.004
33117.104
33117.303
33117.204
33118.001
33118.101
33118.201
33118.301
33118.102
33118.002
33118.202
33118.103
33118.003
33118.302
33118.203
33118.104
33118.204
33118.004
33118.303
33118.304
33118.005
33118.105
33118.205
33119.001
33119.101
33119.201
33119.301
33119.102
33119.002
33119.202
33119.302
33119.103
33119.003
33119.203
33119.004
33119.204
33119.104
33119.303
33121.001
33121.101
33121.201
33121.202
33121.301
33121.002
33121.102
33121.103
33121.003
33121.302
33121.203
33121.004
33121.104
33121.303
33121.204
33121.005
33121.304
33121.105
33121.205
33122.001
33122.101
33122.201
33122.301
33122.102
33122.202
33122.002
33122.003
33122.103
33122.302
33122.203
33122.104
33122.004
33122.303
33122.204
33122.105
33122.205
33123.001
33124.001
33124.101
33124.201
33124.301
33124.102
33124.002
33124.202
33125.001
33125.101
33125.002
33125.301
33125.102
33125.103
33125.003
33125.302
33125.104
33125.004
33125.303
33129.003
33129.201
33129.004
33129.101
33129.202
33130.001
33130.101
33130.201
33130.301
33130.102
33130.202
33130.002
33130.103
33130.003
33130.302
33130.203
33130.104
33130.004
33130.303
33130.204
33130.105
33130.005
33130.304
33130.205
33131.001
33131.101
33131.201
33131.102
33131.301
33131.002
33131.202
33131.003
33131.103
33131.302
33131.203
33133.001
33133.101
33133.201
33133.002
33133.301
33133.102
33133.202
33133.003
33133.103
33133.302
33133.203
33133.104
33133.004
33133.303
33133.204
33134.001
33134.101
33134.201
33135.001
33135.101
33135.201
33135.301
33135.102
33135.002
33135.202
33135.103
33135.003
33135.302
33135.203
33135.104
33135.004
33135.303
33135.204
33135.005
33135.105
33135.205
33135.304
33136.001
33136.101
33136.201
33136.301
33136.102
33136.002
33136.202
33136.103
33136.003
33136.302
33136.203
33140.001
33140.101
33140.201
33140.301
33140.102
33140.002
33140.202
33140.003
33140.103
33140.302
33140.203
33140.104
33140.004
33140.303
33140.204
33140.005
33140.105
33140.304
33140.205
33141.001
33141.101
33141.201
33141.301
33141.102
33141.002
33141.202
33141.003
33142.001
33142.101
33142.201
33143.001
33143.101
33143.201
33143.301
33143.102
33143.002
33143.202
33143.003
33143.103
33143.302
33143.203
33143.004
33143.104
33143.303
33143.204
33143.005
33143.105
33143.304
33143.205
33144.001
33144.101
33144.201
33144.301
33144.102
33144.002
33144.202
33144.003
33144.103
33144.203
33144.302
33144.004
33144.303
33144.104
33144.204
33144.005
33144.105
33144.205
33144.304
33146.001
33147.001
33147.002
33147.201
33147.101
33152.001
33152.002
33152.003
33152.201
33153.001
33153.201
33153.101
33153.002
33153.301
33153.102
33153.202
33153.003
33153.103
33153.203
33153.302
33153.004
33153.104
33153.204
33153.303
33157.001
33157.101
33157.201
33157.301
33157.102
33157.002
33157.202
33157.003
33157.103
33157.302
33157.203
33159.001
33159.101
33159.201
33159.301
33159.102
33159.202
33159.002
33159.103
33159.003
33159.302
33159.203
33159.004
33159.104
33159.303
33159.204
33159.205
33159.005
33159.105
33159.304
33160.001
33160.101
33160.201
33160.301
33160.102
33160.202
33160.004
33161.001
33161.101
33161.201
33161.301
33161.102
33161.002
33161.202
33161.003
33161.103
33161.302
33161.203
33161.004
33161.104
33161.303
33161.204
33161.005
33161.205
33161.105
33161.304
33162.001
33162.201
33162.101
33162.002
33162.301
33162.202
33162.102
33162.003
33162.103
33162.302
33162.203
33162.004
33162.104
33162.303
33162.204
33162.005
33162.105
33162.205
33162.304
33163.001
33163.101
33163.201
33163.301
33163.102
33163.002
33163.202
33163.003
33163.103
33163.302
33163.203
33163.004
33163.104
33163.204
33163.303
33164.001
33164.101
33164.201
33164.301
33164.102
33164.002
33164.202
33164.003
33164.103
33164.302
33164.203
33164.004
33164.104
33164.204
33164.303
33165.001
33165.101
33165.201
33165.301
33165.102
33165.002
33165.202
33165.003
33165.103
33165.302
33165.203
33165.004
33165.104
33165.204
33165.303
33165.005
33165.105
33165.304
33165.205
33166.001
33166.101
33166.201
33166.301
33166.102
33166.002
33166.202
33166.103
33166.003
33166.302
33166.203
33166.004
33166.104
33166.303
33166.204
33166.005
33166.105
33166.205
33166.304
33166.006
33166.106
33166.206
33166.305
33167.001
33167.101
33167.201
33167.301
33167.102
33167.002
33167.202
33167.003
33167.203
33167.103
33167.302
33167.004
33167.303
33167.104
33167.204
33167.005
33167.105
33167.205
33167.304
33167.006
33167.106
33167.206
33167.305
33170.101
33170.001
33170.301
33170.201
33170.002
33170.102
33170.202
33170.302
33170.103
33170.003
33170.203
33170.004
33170.104
33170.204
33170.303
33171.001
33171.101
33171.201
33172.001
33172.101
33172.202
33172.302
33172.102
33172.002
33172.203
33172.003
33172.103
33172.303
33172.204
33172.004
33172.104
33172.205
33172.304
33172.005
33172.105
33172.305
33172.206
33173.001
33173.101
33173.201
33173.301
33173.102
33173.002
33173.202
33173.003
33173.103
33173.302
33173.203
33173.004
33173.104
33173.204
33173.303
33173.005
33173.105
33173.205
33173.304
33174.001
33174.101
33174.201
33174.301
33174.102
33174.002
33174.202
33174.003
33174.103
33174.203
33176.001
33176.303
33176.201
33176.101
33176.002
33176.304
33176.202
33176.003
33176.102
33176.203
33176.305
33176.004
33176.103
33176.204
33176.306
33177.001
33177.101
33177.201
33177.102
33177.301
33177.002
33177.202
33177.003
33177.103
33177.302
33177.203
33177.004
33177.104
33177.303
33177.204
33177.005
33177.105
33177.205
33177.304
33180.001
33180.101
33180.201
33180.002
33180.102
33180.301
33180.202
33180.003
33180.203
33180.302
33180.004
33180.303
33180.204
33180.005
33180.304
33180.205
33181.001
33181.103
33181.201
33181.104
33181.002
33182.001
33182.101
33182.201
33182.301
33182.002
33182.202
33182.004
33182.302
33182.203
33182.005
33182.303
33182.204
33182.006
33182.304
33182.205
33183.001
33183.103
33183.201
33183.301
33183.002
33183.202
33183.104
33183.003
33183.302
33183.203
33183.004
33183.204
33183.303
33185.001
33185.101
33185.201
33185.002
33185.202
33185.102
33186.302
33186.303
33186.002
33186.304
33186.201
33186.003
33186.305
33186.202
33186.004
33186.306
33186.203
33186.307
33186.005
33186.308
33186.309
33186.204
33188.001
33188.104
33188.201
33188.301
33188.105
33188.202
33188.002
33188.302
33188.106
33188.003
33188.303
33188.203
33189.001
33189.301
33189.201
33189.101
33189.302
33189.202
33189.002
33189.003
33189.102
33189.303
33189.203
33190.001
33190.301
33190.201
33190.101
33190.302
33190.002
33190.202
33190.003
33190.102
33190.303
33190.203
33190.103
33190.004
33190.304
33190.204
33190.005
33190.305
33190.104
33190.205
33191.001
33191.301
33191.201
33191.101
33191.302
33191.002
33191.202
33191.003
33191.102
33191.303
33191.203
33191.004
33191.103
33191.304
33191.204
33191.104
33191.005
33191.305
33191.205
33192.001
33192.301
33192.201
33192.101
33192.302
33192.002
33192.202
33192.102
33192.003
33192.303
33192.203
33192.103
33192.304
33192.004
33192.204
33192.104
33192.005
33192.305
33192.205
33194.001
33194.301
33194.201
33194.101
33194.302
33194.202
33194.002
33194.003
33194.102
33194.203
33194.303
33198.001
33198.301
33198.201
33198.101
33198.302
33198.202
33198.002
33198.003
33198.102
33198.303
33198.203
33198.103
33198.004
33198.304
33198.204
33198.104
33198.005
33198.305
33198.205
33205.001
33205.301
33205.201
33205.302
33205.101
33205.002
33205.202
33205.003
33205.102
33205.303
33205.203
33205.103
33205.004
33205.304
33205.204
33205.104
33205.005
33205.305
33205.205
33206.001
33206.301
33206.201
33206.302
33206.101
33206.002
33206.202
33208.001
33208.301
33208.201
33209.002
33209.301
33209.003
33209.101
33209.202
33209.004
33209.302
33209.102
33209.203
33209.303
33209.005
33209.204
33209.103
33209.304
33209.205
33210.001
33210.301
33210.201
33210.101
33210.302
33210.002
33210.202
33212.001
33212.301
33212.201
33213.001
33213.301
33213.201
33213.302
33213.101
33213.002
33213.202
33213.102
33213.003
33213.303
33213.203
33213.103
33213.004
33213.304
33213.204
33213.104
33213.005
33213.305
33213.205
33214.001
33214.301
33214.002
33214.201
33214.101
33214.202
33214.302
33214.102
33214.003
33214.303
33214.203
33214.103
33214.004
33214.304
33214.204
33214.104
33214.005
33214.305
33214.205
33215.001
33215.301
33215.201
33215.302
33215.101
33215.002
33215.202
33216.001
33216.301
33216.201
33216.302
33216.101
33216.002
33216.202
33216.102
33216.003
33216.303
33216.203
33216.103
33216.004
33216.304
33216.204
33217.001
33217.301
33217.201
33217.302
33217.101
33217.202
33217.002
33219.001
33219.301
33219.201
33219.101
33219.302
33219.002
33219.202
33219.003
33219.102
33219.303
33219.203
33219.004
33219.103
33219.304
33219.204
33219.005
33219.104
33219.305
33219.205
33220.001
33220.301
33220.201
33220.101
33220.302
33220.002
33220.202
33221.001
33221.301
33221.002
33221.201
33221.302
33221.101
33221.202
33221.003
33221.102
33221.303
33221.203
33225.001
33225.301
33225.201
33225.101
33225.002
33225.202
33225.302
33225.003
33225.102
33225.303
33225.203
33226.001
33226.301
33226.201
33226.302
33226.101
33226.002
33226.202
33226.003
33226.102
33226.303
33226.203
33226.004
33226.103
33226.204
33226.304
33226.005
33226.104
33226.305
33226.205
33227.001
33227.301
33227.201
33227.302
33227.101
33227.002
33227.202
33227.102
33227.003
33227.303
33227.203
33227.004
33227.103
33227.204
33227.304
33227.104
33227.005
33227.205
33227.305
33228.001
33228.201
33228.101
33228.002
33228.202
33228.301
33228.003
33228.102
33228.203
33228.302
33228.103
33228.004
33228.303
33228.204
33228.005
33228.104
33228.304
33228.205
33229.001
33229.301
33229.201
33229.302
33229.101
33229.002
33229.202
33229.102
33229.003
33229.303
33229.203
33229.103
33229.004
33229.304
33229.204
33229.005
33229.104
33229.305
33229.205
33230.001
33230.301
33230.002
33230.201
33230.102
33230.302
33230.202
33230.003
33230.103
33230.303
33230.203
33230.004
33230.104
33230.304
33230.204
33230.005
33230.105
33230.305
33230.205
33236.001
33236.301
33236.201
33236.302
33236.101
33236.002
33236.202
33236.003
33236.102
33236.303
33236.203
33236.004
33236.104
33236.304
33236.204
33236.005
33236.105
33236.305
33236.205
33237.001
33237.301
33237.201
33237.101
33237.002
33237.302
33237.202
33237.003
33237.102
33237.303
33237.203
33237.004
33237.103
33237.304
33237.204
33237.104
33237.205
33237.305
33238.002
33238.301
33238.003
33238.004
33238.302
33238.101
33238.201
33238.202
33238.005
33238.006
33238.102
33238.203
33238.303
33238.007
33238.103
33238.304
33238.204
33238.008
33238.104
33238.305
33238.205
33239.001
33239.301
33239.101
33239.002
33239.201
33239.302
33239.202
33239.003
33239.102
33239.203
33239.303
33242.001
33242.201
33242.301
33242.202
33242.203
33242.204
33242.002
33242.101
33242.003
33242.205
33242.302
33242.102
33242.004
33242.303
33242.206
33242.104
33242.103
33242.207
33242.305
33242.304
33242.006
33242.005
33242.105
33242.106
33242.008
33242.007
33242.108
33242.107
33242.208
33242.209
33242.306
33242.307
33242.309
33242.308
33242.210
33242.109
33242.310
33242.010
33242.009
33242.211
33242.212
33242.213
33243.001
33243.301
33243.002
33243.302
33243.101
33243.003
33243.102
33243.303
33243.004
33243.103
33243.304
33243.005
33243.104
33243.305
33243.006
33243.105
33243.306
33243.007
33243.106
33243.307
33243.008
33243.107
33243.308
33245.001
33245.301
33245.101
33245.302
33245.002
33245.202
33245.203
33245.003
33245.102
33245.204
33245.303
33245.004
33245.103
33245.304
33245.205
33245.005
33245.104
33245.206
33245.305
33246.001
33246.301
33246.201
33246.302
33246.101
33246.002
33246.202
33246.003
33246.102
33246.203
33246.303
33246.004
33246.103
33246.204
33246.304
33246.005
33246.104
33246.305
33246.205
33247.001
33247.301
33247.201
33247.101
33247.302
33247.002
33247.202
33247.003
33247.102
33247.303
33247.203
33247.004
33247.103
33247.304
33247.204
33248.001
33248.301
33248.201
33248.101
33248.302
33248.002
33248.202
33248.003
33248.102
33248.303
33248.203
33248.004
33248.103
33248.304
33248.204
33248.005
33248.104
33248.205
33248.305
33249.001
33249.301
33249.201
33249.101
33249.302
33249.002
33249.202
33249.203
33249.003
33249.102
33249.204
33249.303
33249.004
33249.103
33249.304
33249.205
33250.001
33250.301
33250.201
33250.101
33250.302
33250.002
33250.202
33250.003
33250.102
33250.303
33250.203
33251.001
33251.301
33251.201
33253.001
33253.301
33253.101
33253.201
33253.102
33253.302
33253.002
33253.202
33253.003
33253.103
33253.203
33253.303
33253.104
33253.004
33253.204
33253.304
33254.001
33254.301
33254.201
33254.002
33254.101
33254.302
33254.202
33254.003
33254.102
33254.303
33254.203
33254.004
33254.103
33254.304
33254.204
33254.005
33254.104
33254.205
33254.305
33255.001
33255.002
33255.004
33255.003
33255.102
33255.101
33255.005
33255.103
33255.104
33255.201
33255.202
33255.301
33255.204
33255.203
33255.303
33255.302
33255.205
33255.304
33255.305
33256.001
33256.002
33256.101
33256.004
33256.003
33256.102
33256.103
33256.005
33256.104
33256.201
33256.202
33256.301
33256.302
33256.204
33256.203
33256.303
33256.304
33256.205
33256.305
33260.001
33260.201
33260.002
33260.202
33260.003
33260.203
33260.004
33260.204
33260.301
33260.101
33260.302
33260.103
33260.102
33260.005
33260.303
33260.304
33260.205
33260.104
33260.305
33262.001
33262.301
33262.201
33262.101
33262.002
33262.202
33262.302
33262.003
33262.102
33262.303
33262.203
33262.005
33262.004
33262.103
33262.104
33262.204
33262.304
33262.305
33262.205
33263.001
33263.102
33263.101
33263.002
33263.301
33263.004
33263.302
33263.003
33263.303
33263.201
33263.202
33263.203
33263.005
33263.103
33263.304
33263.204
33263.006
33263.104
33263.305
33263.205
33265.001
33265.301
33265.201
33265.002
33265.202
33265.302
33265.003
33265.203
33265.303
33265.101
33265.004
33265.102
33265.204
33265.304
33265.103
33265.005
33265.305
33265.205
33265.104
33265.006
33265.306
33265.206
33266.001
33266.301
33266.201
33266.302
33266.101
33266.002
33266.202
33266.003
33266.102
33266.303
33266.203
33266.103
33266.005
33266.204
33266.304
33266.104
33266.006
33266.305
33266.205
33267.001
33267.101
33267.201
33267.102
33267.301
33267.002
33267.204
33267.003
33267.103
33267.205
33267.302
33267.004
33267.104
33267.206
33267.303
33267.005
33267.105
33267.207
33267.304
33268.001
33268.301
33268.201
33268.302
33268.101
33268.002
33268.202
33268.303
33268.003
33268.203
33268.102
33268.304
33268.004
33268.103
33268.204
33268.305
33268.005
33268.104
33268.205
33268.306
33269.001
33269.301
33269.201
33269.302
33269.101
33269.002
33269.202
33269.003
33269.102
33269.303
33269.203
33269.004
33269.103
33269.204
33269.304
33270.001
33270.301
33270.201
33270.002
33270.202
33270.302
33270.102
33270.003
33270.103
33270.203
33270.303
33270.004
33270.104
33270.204
33270.304
33271.001
33271.302
33271.201
33271.303
33271.101
33271.002
33271.202
33271.003
33271.102
33271.304
33271.203
33271.004
33271.305
33271.103
33271.204
33271.005
33271.104
33271.306
33271.205
33272.001
33272.301
33272.201
33272.101
33272.302
33272.002
33272.202
33272.102
33272.003
33272.303
33272.203
33273.001
33273.301
33273.201
33273.101
33273.302
33273.002
33273.202
33273.003
33273.102
33273.303
33273.203
33274.001
33274.301
33274.201
33274.101
33274.302
33274.002
33274.202
33274.102
33274.003
33274.303
33274.203
33274.004
33274.204
33274.103
33274.304
33274.005
33274.104
33274.205
33274.305
33275.001
33275.301
33275.201
33275.101
33275.302
33275.002
33275.202
33275.102
33275.003
33275.303
33275.203
33275.004
33275.103
33275.204
33275.304
33275.005
33275.104
33275.205
33275.305
33276.001
33276.301
33276.201
33276.101
33276.302
33276.002
33276.202
33276.003
33276.102
33276.203
33276.303
33276.004
33276.103
33276.304
33276.204
33276.005
33276.104
33276.205
33276.305
33276.006
33276.105
33276.008
33276.007
33276.107
33276.106
33276.009
33276.010
33276.109
33276.108
33276.207
33276.206
33276.306
33276.110
33276.208
33276.209
33276.307
33276.308
33276.309
33276.012
33276.310
33276.011
33276.014
33276.013
33276.111
33276.112
33276.015
33276.016
33276.114
33276.113
33276.018
33276.017
33276.116
33276.115
33276.019
33276.020
33276.117
33276.118
33276.022
33276.021
33276.119
33276.120
33276.023
33276.210
33276.121
33276.122
33276.212
33276.211
33276.123
33276.311
33276.213
33276.214
33276.312
33276.313
33276.215
33276.216
33276.314
33276.315
33276.218
33276.217
33276.317
33276.316
33276.219
33276.220
33276.319
33276.318
33276.221
33276.222
33276.320
33276.321
33276.223
33276.323
33276.322
33277.001
33277.101
33277.002
33277.302
33277.301
33277.201
33277.202
33279.001
33279.301
33279.201
33279.101
33279.302
33279.002
33279.202
33279.003
33279.102
33279.203
33279.303
33279.204
33279.103
33279.304
33279.205
33279.104
33279.305
33280.201
33280.301
33280.202
33280.101
33280.302
33280.203
33280.102
33280.303
33280.204
33280.103
33280.304
33280.104
33280.205
33280.305
33281.003
33281.301
33281.201
33281.101
33281.302
33281.004
33281.202
33281.102
33281.005
33281.203
33281.303
33281.006
33281.103
33281.204
33281.304
33281.007
33281.104
33281.205
33281.305
33282.001
33282.301
33282.201
33282.101
33282.302
33282.002
33282.202
33282.003
33282.102
33282.203
33282.303
33282.004
33282.103
33282.204
33282.304
33282.005
33282.104
33282.205
33282.305
33283.001
33283.301
33283.201
33283.101
33283.202
33283.002
33283.302
33283.102
33283.003
33283.303
33283.203
33283.004
33283.204
33283.103
33283.304
33283.005
33283.104
33283.305
33283.205
33284.001
33284.301
33284.201
33284.101
33284.302
33284.002
33284.202
33284.003
33284.102
33284.303
33284.203
33284.004
33284.103
33284.304
33284.204
33284.005
33284.104
33284.205
33284.305
33285.001
33285.301
33285.201
33285.101
33285.302
33285.002
33285.202
33285.003
33285.102
33285.203
33285.303
33286.001
33286.301
33286.201
33286.101
33286.302
33286.002
33286.202
33286.003
33286.102
33286.303
33286.203
33286.004
33286.103
33286.204
33286.304
33286.005
33286.104
33286.205
33286.305
33287.001
33287.301
33287.201
33287.101
33287.302
33287.002
33287.202
33287.003
33287.102
33287.203
33287.303
33288.001
33288.301
33288.201
33288.101
33288.002
33288.302
33288.202
33288.003
33288.102
33288.203
33288.303
33288.004
33288.103
33288.304
33288.204
33288.005
33288.104
33288.205
33288.305
33289.001
33289.201
33289.301
33289.002
33289.101
33289.302
33289.202
33289.003
33289.102
33289.203
33289.303
33290.001
33290.302
33290.002
33290.201
33290.101
33290.303
33290.202
33290.003
33290.203
33290.102
33290.304
33290.004
33290.305
33290.103
33290.204
33290.005
33290.104
33290.205
33290.306
33291.001
33291.301
33291.201
33291.101
33291.002
33291.202
33291.302
33291.003
33291.102
33291.203
33291.303
33293.001
33293.102
33293.201
33293.302
33293.103
33293.002
33293.202
33293.303
33297.001
33297.301
33297.201
33297.101
33297.302
33297.002
33297.202
33297.003
33297.102
33297.303
33297.203
33297.103
33297.004
33297.304
33297.204
33297.104
33297.005
33297.305
33297.205
33298.001
33298.301
33298.201
33298.101
33298.302
33298.002
33298.202
33298.102
33298.003
33298.303
33298.203
33298.103
33298.004
33298.304
33298.204
33298.104
33298.005
33298.305
33298.205
33299.001
33299.301
33299.201
33299.102
33299.302
33299.002
33299.202
33299.103
33299.003
33299.303
33299.203
33299.104
33299.004
33299.304
33299.204
33299.105
33299.005
33299.305
33299.205
33300.001
33300.301
33300.201
33300.101
33300.302
33300.002
33300.202
33300.102
33300.003
33300.203
33300.303
33300.103
33300.004
33300.204
33300.304
33300.104
33300.005
33300.205
33300.305
33303.001
33303.201
33303.002
33303.202
33303.003
33303.203
33303.004
33303.204
33303.005
33303.205
33302.301
33302.302
33302.303
33302.305
33302.304
33302.306
33304.001
33303.102
33303.101
33304.201
33303.104
33303.103
33304.002
33303.301
33304.202
33303.302
33303.303
33303.305
33303.304
33303.307
33303.306
33304.101
33304.301
33304.302
33304.003
33304.102
33304.303
33304.203
33304.004
33304.103
33304.304
33304.204
33305.001
33305.301
33305.201
33306.001
33306.301
33306.302
33306.201
33306.101
33306.002
33306.202
33306.003
33306.102
33306.103
33306.303
33306.203
33307.001
33307.301
33307.201
33307.101
33307.302
33307.002
33307.202
33307.003
33307.102
33307.303
33307.203
33307.103
33307.004
33307.304
33307.204
33307.005
33307.104
33307.305
33307.205
33307.007
33307.006
33307.105
33307.008
33307.206
33307.107
33307.106
33307.108
33307.109
33307.207
33307.110
33307.306
33307.010
33307.009
33307.307
33307.308
33307.011
33307.012
33307.309
33307.310
33307.014
33307.013
33307.311
33307.016
33307.015
33307.112
33307.111
33307.208
33307.209
33307.113
33307.114
33307.115
33307.210
33307.211
33307.312
33307.313
33307.314
33307.213
33307.212
33307.315
33307.215
33307.214
33307.216
33308.001
33308.301
33308.204
33308.101
33308.302
33308.206
33308.002
33308.102
33308.003
33308.103
33308.303
33308.004
33308.104
33308.304
33308.105
33308.005
33308.305
33309.001
33309.301
33309.101
33309.302
33309.202
33309.002
33309.203
33309.003
33309.103
33309.303
33309.104
33309.004
33309.304
33309.005
33309.105
33309.305
33310.201
33310.001
33310.301
33310.101
33310.302
33310.202
33310.002
33310.203
33310.102
33310.003
33310.303
33310.204
33310.103
33310.004
33310.304
33310.205
33310.104
33310.005
33310.206
33310.305
33311.001
33311.301
33311.201
33311.101
33311.302
33311.002
33311.202
33311.003
33311.102
33311.203
33311.303
33311.004
33311.103
33311.204
33311.304
33311.005
33311.104
33311.205
33311.305
33311.006
33311.105
33311.206
33311.306
33312.001
33312.301
33312.201
33312.002
33312.302
33312.202
33312.101
33312.303
33312.003
33312.203
33312.102
33312.004
33312.304
33312.204
33312.103
33312.005
33312.205
33312.305
33312.104
33312.006
33312.206
33312.306
